786436, 889294,568255,686037,58062,695570,970403,69370,395777,635176,232966
9, 350281,129524,904461,954323,359717,867048,168009,334740,581582,263962
786450, 266506,44866,431511,508094,715535,106940,875134,170988,884423,321436
524308, 698464,944763,786984,415104,232293,61147,718004,841113,803974,883817
33, 278048,114674,541128,962165,158219,378697,119504,988745,511138,531654
524324, 476040,954587,909146,626010,34948,624428,637365,106121,473054,818913
786472, 81558,958033,244230,458647,207546,421122,714316,9880,75062,102230
1048617, 705677,49731,819577,574864,76733,655257,991516,974373,70842,870728
524330, 566886,943951,872333,485193,531167,89891,871320,156397,221388,134372
1048619, 375540,255216,833394,287635,541013,819577,270601,114153,604164,961670
